time,x,y,z,phi,theta,psi,x_velocity,y_velocity,z_velocity,phi_velocity,theta_velocity,psi_velocity,rotor_speed1,rotor_speed2,rotor_speed3,rotor_speed4
0.06,-8.09480280911e-07,9.73679766211e-07,10.0051061558,0.000664809070032,0.000576076283525,0.0,-6.47573844104e-05,7.67077966602e-05,0.170194358383,0.0271141995414,0.0240029899848,0.0,458.73039619296515,460.63205351572765,456.4983569590435,458.65639688026164
0.12000000000000001,-2.1731613203e-05,2.51135382698e-05,10.0179724216,0.0021191123476,0.0018603654744,0.0,-0.000769857743769,0.000883195906242,0.258664298015,0.0177580563353,0.0156239624215,0.0,433.81523493414943,433.11122948403926,433.4661803366162,432.6794455882554
0.18,-0.000126014485061,0.000143553932403,10.044119233,0.00310686266058,0.00316210800187,0.0,-0.00286533081231,0.00320808078654,0.612773763947,0.0137367645463,0.0316878839207,0.0,511.102296283148,512.24566571913,511.1199416205663,510.8331923173972
0.23999999999999996,-0.000359351046082,0.000392860542553,10.0806800694,0.00379832265107,0.00517542725126,0.0,-0.00508146688223,0.00516781986268,0.605923627775,0.00668516825278,0.0370498466394,0.0,401.89897668538066,402.38518171535486,402.1173656362004,401.4780594057939
0.3,-0.000779945770429,0.000783598195825,10.1200776144,0.00462858919616,0.00746046266278,0.0,-0.00916848819854,0.00792240137288,0.70726846805,0.0252657245202,0.0400752988459,0.0,437.173358294183,437.42606545778204,437.3849003311335,438.92930673180297
0.36000000000000004,-0.00151154393193,0.00137196741049,10.167824282,0.00638057474865,0.0096858404827,0.0,-0.0154805608002,0.0118756776338,0.884163510349,0.0360902385739,0.0303280758932,0.0,460.91216222035405,460.1418660618673,461.44283116331616,462.29663460523204
0.4200000000000001,-0.00267686773815,0.00224409604853,10.2267569191,0.00820693129355,0.0119093382549,0.0,-0.0235998409887,0.0174301051699,1.0800888094,0.0156619948782,0.0479332294335,0.0,467.3030837994115,468.67378020735265,467.1475200179228,465.55231171338005
0.48000000000000015,-0.00438302028763,0.00348535705191,10.2972318921,0.00907755127108,0.0145686987489,0.0,-0.0335896334211,0.0240479575703,1.2688812598,0.0121014428407,0.0358966062825,0.0,466.00084244938427,465.06011608861814,465.44518043087675,465.166355047944
0.5400000000000001,-0.00671912722069,0.00512558502712,10.3771374805,0.00969997746554,0.0165833925177,0.0,-0.0444994442908,0.0306965012945,1.39448898819,0.00667283929709,0.0284846863126,0.0,446.5950164053778,445.9905548969443,447.1078039856805,446.6652286196556
0.6000000000000002,-0.00976203408543,0.00718294871083,10.4652151341,0.00988960971104,0.0182241533079,0.0,-0.05711024089,0.0379137604302,1.54124249093,-0.00500006492251,0.0249658323883,0.0,453.3024540234336,453.019787340124,454.2013819116252,453.2642955388875
0.6600000000000003,-0.0135179809068,0.00963259773109,10.5578010418,0.00971256761372,0.0201868949478,0.0,-0.0682427365476,0.043720385033,1.54494627359,0.000861903372543,0.0448935476971,0.0,406.8836659934663,408.6641766035259,407.30726456897315,407.83119818741835
0.7200000000000003,-0.018068791215,0.0124701116473,10.654893506,0.00960844551689,0.0226152078117,0.0,-0.0837276656862,0.0508590707305,1.69125752314,-0.00751512220539,0.0297100371705,0.0,453.3214218393037,452.1006009412249,455.1103106807883,454.43941743268414
0.7800000000000004,-0.0235070227101,0.0156934003723,10.7567477276,0.00878101749577,0.0248939939785,0.0,-0.0977306413785,0.0565306947114,1.7038599485,-0.0308959022693,0.0508068834594,0.0,410.1798656423492,412.0498023521702,412.3249000144255,410.2543022065076
0.8400000000000004,-0.0299033648084,0.0192614649627,10.8622254506,0.00670084699243,0.0280068055061,0.0,-0.115794706241,0.0622016015854,1.81189140859,-0.0435490393137,0.0539440218369,0.0,442.40631291025784,442.66627231416425,442.72328168967437,441.68049370827634
0.9000000000000005,-0.037456954072,0.0231249583353,10.9744203245,0.00417309322384,0.0318698187694,0.0,-0.136362600945,0.0663120594557,1.92773872278,-0.0394316612945,0.079718567424,0.0,444.0188114234348,446.1310393791644,445.15105712566657,445.4868713369818
0.9600000000000005,-0.0465273502522,0.0272048064254,11.0995434285,0.00177939845613,0.0364206693449,0.0,-0.166591790734,0.0693622760426,2.24244692956,-0.0408376513889,0.0666974297728,0.0,504.8007413270764,503.8640596746679,503.6395546777233,503.5372523795985
1.0200000000000005,-0.0572239792882,0.0313916277158,11.2352614562,6.28282042225,0.0410624096862,0.0,-0.190367071165,0.0699860613396,2.28139277748,-0.0271111469037,0.0929420917801,0.0,420.2259852434834,422.49963851826436,422.52964354404213,423.71064922916867
1.0800000000000005,-0.0696789692308,0.0355742217375,11.3789963918,6.28084502393,0.0468606525072,0.0,-0.225468245507,0.0692207765924,2.50926617273,-0.0482785239685,0.103153786764,0.0,480.4357094591042,481.21646095741585,481.5305941986956,479.9263086391012
1.1400000000000006,-0.0842987029771,0.0396622715736,11.5346056586,6.27825232738,0.0530879058393,0.0,-0.262533908556,0.0667428242101,2.67729086649,-0.0346322898224,0.105024883576,0.0,465.2436315456761,465.3989525628456,462.4593583391485,463.5319607539872
1.2000000000000006,-0.101354222471,0.0435391175782,11.7015690573,6.27624482664,0.0596834372373,0.0,-0.306720615433,0.062246767007,2.8875975939,-0.031208596375,0.118259440123,0.0,476.78300785261536,477.80272278265403,477.69431333345045,477.95495050467815
1.2600000000000007,-0.120920898252,0.0471349542186,11.8762050655,6.27442643484,0.066666910707,0.0,-0.346156928326,0.0574422741361,2.93343509429,-0.0285611241104,0.112369407139,0.0,428.2759392975278,427.7873514047149,427.888133599088,428.1131218212781
1.3200000000000007,-0.142881164948,0.0504224165662,12.052045801,6.272673808,0.0733956633588,0.0,-0.386435359959,0.0519904681231,2.92788571474,-0.0305415497157,0.111695442885,0.0,411.989949003125,411.94260463469226,410.68238208124376,410.5063504552084
1.3800000000000008,-0.167457749699,0.0533402964213,12.2286392706,6.27031738381,0.0799728617689,0.0,-0.433388353583,0.0450930318956,2.95842420907,-0.069156252294,0.105111715307,0.0,423.4703242427987,422.9148597526141,425.38851811787754,422.06758462856504
1.4400000000000008,-0.195437051642,0.0557147720952,12.4127653313,6.26637632059,0.0860395870374,0.0,-0.499950816542,0.0335817887917,3.17843982906,-0.0595179434126,0.0915982459721,0.0,482.8395063142265,481.8268295779516,481.9188061211936,482.6439287316492
1.5000000000000009,-0.22735938969,0.0573444972751,12.6078439707,6.26283183219,0.0916297542317,0.0,-0.564695148555,0.0203642782463,3.32368998187,-0.0582033134726,0.096137906565,0.0,461.7047793573137,462.0697750772665,461.0351572640379,461.136711237458
1.560000000000001,-0.263042202715,0.0581599203173,12.8089459718,6.25939693705,0.0974741586635,0.0,-0.625272871255,0.00649104430406,3.37946554929,-0.0554042040876,0.0998289645537,0.0,434.6344548736855,434.95204870719556,434.1785073797581,434.41095335933227
1.620000000000001,-0.302432272862,0.0580876461577,13.0129573017,6.25582052174,0.103525425216,0.0,-0.688281295145,-0.00921535571943,3.42070002388,-0.0697146912391,0.102828790534,0.0,429.73348477792285,429.9968660165256,431.48019334819367,430.2676038159178
1.680000000000001,-0.345800767527,0.0569811110539,13.2202097709,6.25190326887,0.109567865264,0.0,-0.757909593878,-0.0280526052374,3.48740949602,-0.0576501703521,0.0960895600321,0.0,439.69238762116873,439.1425626174668,438.22565824928523,439.22413706463635
1.740000000000001,-0.393726082754,0.0545957700296,13.4337913265,6.24791180034,0.115539276679,0.0,-0.840191344284,-0.0518304075436,3.63140532479,-0.0974769445585,0.105628214263,0.0,462.9902385170115,463.7481744446869,465.75653698918615,462.6273265833677
1.8000000000000012,-0.446196389409,0.050849639861,13.6515032476,6.24185874981,0.121489855697,0.0,-0.909359743137,-0.0735504121221,3.62555807671,-0.108751891299,0.0813889582163,0.0,418.34193050712656,416.2347163337741,417.5560550700032,416.5615933016356
1.8600000000000012,-0.503549854861,0.0454746884077,13.8739796484,6.23549904203,0.12649825445,0.0,-1.00291302315,-0.106304116296,3.78964004254,-0.100988285789,0.0873439409835,0.0,471.8469385495329,472.3116860958554,470.1580949332295,470.7500574557717
1.9200000000000013,-0.56637506601,0.0380915219049,14.1042676763,6.22911777458,0.131421607208,0.0,-1.09174306855,-0.140407318628,3.88615000785,-0.120128771013,0.0685415541208,0.0,452.9439656153057,451.4344263854713,452.69594118574935,451.1430846033689
1.9800000000000013,-0.634921818303,0.0284058672866,14.3425169851,6.22155098427,0.135819545782,0.0,-1.19355553859,-0.183231371834,4.05473069196,-0.142083529189,0.0814257327217,0.0,475.14981756408054,476.14034129393224,475.1945658815732,473.4947319448715
2.0400000000000014,-0.709873523943,0.0158874710803,14.5922367424,6.2134965485,0.1405355368,0.0,-1.30530392917,-0.234968981792,4.26825937954,-0.121948195403,0.072250153997,0.0,490.26672458723743,489.5887433044806,488.78594259398386,490.2692534144889
2.1000000000000014,-0.79064676324,0.000574735001093,14.8477388989,6.20600159086,0.145279499531,0.0,-1.3875422182,-0.276075060616,4.24838454036,-0.131625245076,0.090050255993,0.0,418.4283276502432,419.9805534652509,419.4182866404324,418.5615700887181
2.1600000000000015,-0.876746036221,-0.0174946817284,15.1040785406,6.19807425202,0.151199000894,0.0,-1.48295202092,-0.326956439856,4.29586361239,-0.133134337653,0.111888887618,0.0,440.3868300758221,442.19792426789894,441.86359399551435,441.72299263846196
2.2200000000000015,-0.968733757812,-0.0387910147156,15.3635122054,6.1898501703,0.157977582248,0.0,-1.58392285371,-0.383656660623,4.35144097904,-0.146389572901,0.115065278457,0.0,444.83175501782085,445.1031404097148,445.69160315090085,444.5892783892335
2.2800000000000016,-1.06752065497,-0.0640058016072,15.6299894916,6.18082750135,0.165206705681,0.0,-1.70966892928,-0.457752869949,4.530069969,-0.159853831632,0.129564373484,0.0,483.7619708279712,484.8642661870018,483.8199134607739,482.78558093715367
2.3400000000000016,-1.17330033366,-0.0934252208858,15.9028358672,6.17078526184,0.172686439981,0.0,-1.81700753465,-0.523751407661,4.5643186643,-0.18989786887,0.112420164331,0.0,441.5120064739235,440.10917426480347,443.5187968854057,441.0160537849145
2.4000000000000017,-1.28632016909,-0.12742346618,16.1814109116,6.15941995497,0.179240329907,0.0,-1.95094385809,-0.610668486897,4.72042310802,-0.188487674447,0.101946031775,0.0,480.9925994105963,480.20811994851124,480.1985883379749,480.2735951228567
2.4600000000000017,-1.40692899561,-0.166474915553,16.4660364868,6.14770061338,0.185894329729,0.0,-2.0699243245,-0.69206220471,4.76647667568,-0.214679370691,0.124540415309,0.0,446.73279647306174,448.58212980339255,450.8493996139974,448.69026622410905
2.520000000000002,-1.5351908931,-0.210907741407,16.7553342175,6.13489845869,0.193105629735,0.0,-2.20614285775,-0.790242635424,4.87576069991,-0.210874235967,0.109644797186,0.0,470.5562785272226,469.4136616276272,469.7262471558024,469.97905831977545
2.580000000000002,-1.67065501495,-0.260635026876,17.0454576203,6.12209259507,0.199578817751,0.0,-2.30989737056,-0.868300785063,4.79493323569,-0.219098383807,0.10411852438,0.0,409.9809138628282,409.5008228317773,410.1109687703686,409.33038317397734
2.640000000000002,-1.81259893477,-0.315355742103,17.3313938746,6.10976116771,0.205839928347,0.0,-2.42211824631,-0.956706567751,4.73604497408,-0.186998942476,0.104814059677,0.0,417.7554643832433,417.82637324944096,416.14920247104465,418.90430297655155
2.700000000000002,-1.96194420546,-0.376031256526,17.6163547598,6.0988677714,0.212562246252,0.0,-2.55663161273,-1.06672816819,4.76196721454,-0.172450577509,0.123550975598,0.0,446.8166597705087,448.35265782693176,445.3035109328511,446.46023325820283
2.760000000000002,-2.12033858787,-0.444216286474,17.9065992697,6.08828025535,0.22022873999,0.0,-2.72385162876,-1.20702897392,4.91145071072,-0.185988627353,0.135102726572,0.0,485.38952478560924,486.2690805511234,488.40914706352305,487.37109107070955
2.820000000000002,-2.28802005601,-0.520241016417,18.2016706915,6.07685888132,0.228595717818,0.0,-2.86624267002,-1.32802388431,4.92349610192,-0.200937690198,0.146962295003,0.0,446.6354728174069,447.619647944291,446.97396666111854,445.7183856223208
2.880000000000002,-2.46549205772,-0.60468064936,18.5018902382,6.06512986598,0.237979196556,0.0,-3.05029923849,-1.48765000576,5.08212288316,-0.186361864277,0.170580633233,0.0,493.12772613054926,494.88959383389744,494.10023725145544,495.14055022985326
2.940000000000002,-2.6538073552,-0.698562183297,18.809794202,6.05370222869,0.248313410797,0.0,-3.22776681641,-1.64261919333,5.17987021052,-0.200250793221,0.175354922767,0.0,479.5290956441907,479.91776107958043,479.5312364627885,478.44215649822917
3.000000000000002,-2.85196223164,-0.801035379538,19.1194950814,6.04223952492,0.25845620738,0.0,-3.37825125339,-1.77399839867,5.14274235314,-0.177118040842,0.151846601337,0.0,439.953179495724,438.0293450322667,437.84672722677345,439.73084688410495
3.0600000000000023,-3.06010101339,-0.912268018468,19.4296986407,6.0316101744,0.267681036116,0.0,-3.56045660577,-1.93452088581,5.19606467067,-0.177231439928,0.15729613022,0.0,470.1502187879287,470.59318850901633,470.2732656269482,470.2361111296041
3.1200000000000023,-3.279803378,-1.03371976804,19.7445120911,6.0209910367,0.276798905854,0.0,-3.76369007864,-2.11460782507,5.29601752879,-0.176499195541,0.138314466446,0.0,489.2626246090518,487.86632523133676,487.00475318251307,487.03233862802784
3.1800000000000024,-3.51054181703,-1.1649388158,20.0605971313,6.01010827671,0.28505802016,0.0,-3.9282683582,-2.26009246184,5.23940732234,-0.193542946439,0.136294301582,0.0,440.85031280616624,440.7010389900126,440.81773740784416,439.374179120191
3.2400000000000024,-3.75195070052,-1.30564762146,20.3752860374,5.99891614672,0.293037852542,0.0,-4.11931400161,-2.43096508632,5.24896472189,-0.175310078199,0.125426679141,0.0,464.57090952468513,463.73320159721976,464.0515759476729,465.44849930346925
3.3000000000000025,-4.00337668702,-1.45529733377,20.685339024,5.98858746908,0.300546593081,0.0,-4.26223210352,-2.55807265203,5.08599487874,-0.166473042802,0.124578251299,0.0,407.41388949047877,407.3538028690372,405.72072576495657,406.4820121932568
3.3600000000000025,-4.26459453687,-1.61372696771,20.9888971625,5.97935322855,0.307929325662,0.0,-4.44562315327,-2.72351763757,5.03171467349,-0.13635248344,0.119792462186,0.0,446.057491693348,445.6800522806112,445.63225013026573,448.0651695577738
3.4200000000000026,-4.53688935628,-1.78215269752,21.2888848519,5.97177070005,0.31480636406,0.0,-4.63144210551,-2.89114531007,4.96704789325,-0.11156072295,0.101485287271,0.0,445.3957100510278,443.9070946242485,443.95436751448113,445.96944283523914
3.4800000000000026,-4.81960846915,-1.95993780361,21.5823975748,5.9661413545,0.321160053862,0.0,-4.79313323015,-3.03546176437,4.81647309646,-0.0716443860353,0.113503457222,0.0,415.0140013738988,416.0784052860819,414.11685042393526,417.60512327967933
3.5400000000000027,-5.11246537106,-2.14675087722,21.8677103726,5.9615051983,0.327549028323,0.0,-4.96936909971,-3.19193510978,4.69351820553,-0.0919451512062,0.0862819857129,0.0,427.272025563661,424.95441273582105,427.83038740769996,426.09271384418867
3.6000000000000028,-5.41517781238,-2.34224281761,22.1432362937,5.95583899295,0.332676430224,0.0,-5.12166400575,-3.32494542004,4.49073433575,-0.0999498913558,0.0837540054442,0.0,397.2774955340553,397.05251872732293,397.8233276667752,397.08069961646675
3.660000000000003,-5.72969268608,-2.54817910339,22.4135397841,5.94982493542,0.337479594367,0.0,-5.3624517923,-3.53982223367,4.51789398992,-0.100808786649,0.0713790858579,0.0,479.14227220904377,478.2049369481162,480.71485757546446,480.6419181788528
3.720000000000003,-6.05824335316,-2.76661977992,22.6839241048,5.94414202685,0.341464843462,0.0,-5.58952938154,-3.74180626417,4.49373328388,-0.0846987367583,0.0539901466694,0.0,466.06362963056165,464.70520801774154,465.7292032020647,466.9805621059613
3.780000000000003,-6.39893193688,-2.99578751206,22.9485432816,5.9390194265,0.3445505357,0.0,-5.76723799451,-3.89755463083,4.32668385516,-0.086767275167,0.0457389909187,0.0,417.27782991625077,416.55856768689387,417.9916016300049,417.80473976014855
3.840000000000003,-6.75187078595,-3.23579345411,23.2069977288,5.93385505409,0.346830589785,0.0,-5.99759724724,-4.10290094152,4.28737412837,-0.0847199171328,0.0142843069708,0.0,465.45589033735837,462.9876132655024,463.7164306825747,463.8715050096001
3.900000000000003,-7.12051691521,-3.4899320855,23.4676902414,5.92864832948,0.347504559658,0.0,-6.29033157482,-4.36842385443,4.40029931267,-0.0912486876906,0.00429893467553,0.0,516.1284334923374,515.422921552039,516.0612626420384,515.5950118501097
3.960000000000003,-7.50365805785,-3.75711908512,23.7269471481,5.9237813,0.348198311807,0.0,-6.48139241964,-4.53828402576,4.24130911932,-0.0661249531386,0.0231335274799,0.0,427.6342318974563,429.2360221322134,427.6390078406444,429.7685251071406
4.020000000000002,-7.89901515644,-4.03524301629,23.9783443349,5.91979431538,0.349928096438,0.0,-6.69746985073,-4.73280773263,4.13787753432,-0.0671070366547,0.0383029893531,0.0,448.1292544834847,449.36121762250355,450.42836518536575,450.3456925630381
4.080000000000001,-8.30717549414,-4.32487819878,24.2228093857,5.91548788039,0.352490287185,0.0,-6.90827158071,-4.9220336116,4.01030468185,-0.0832819513522,0.0503015750312,0.0,441.73669020682837,442.72631419600384,443.85657487905877,442.5226127426661
4.14,-8.72772172594,-4.62560057413,24.4586065137,5.91044449439,0.355309389941,0.0,-7.1104268865,-5.1024832787,3.84906772952,-0.0856511337704,0.039355961542,0.0,433.19149631706006,432.2711785307198,431.5019229149906,431.2957950778361
4.199999999999998,-9.16230868126,-4.93902216002,24.6891650012,5.90507360892,0.357472325892,0.0,-7.37592862468,-5.34508484277,3.83460172668,-0.0986423548596,0.0284442498677,0.0,485.8808092198355,485.0622921544425,484.99420696244204,484.0111651786078
4.259999999999997,-9.61166773532,-5.26587241401,24.9155937939,5.89943128468,0.359592599501,0.0,-7.6030593533,-5.55034290842,3.71210769433,-0.086140252961,0.0464276261655,0.0,450.6621955773659,452.11439976793895,450.93389866618105,451.9355945458039
4.319999999999996,-10.0739667161,-5.60435743173,25.1326018742,5.89399090839,0.362210838134,0.0,-7.80746625479,-5.73300634916,3.52099392088,-0.101765294024,0.037375639466,0.0,429.35376675875716,428.5859640786891,428.5336424334115,427.1955426503165
4.379999999999995,-10.5502355754,-5.9555080867,25.3419202907,5.88744493529,0.364995508775,0.0,-8.06840425062,-5.97232654181,3.45474916152,-0.130753316948,0.0601539116764,0.0,473.2529307303796,475.0045440827734,476.5421764244817,474.31030085757544
4.439999999999993,-11.0407481141,-6.31960488705,25.5434081096,5.87991499691,0.368652840122,0.0,-8.28258576017,-6.16482720956,3.26071801251,-0.116656086921,0.0625117080555,0.0,432.6354923986994,432.8367889712909,431.95495562015515,433.1276224543284
4.499999999999992,-11.545091532,-6.69624661985,25.7351400801,5.87294836286,0.372307238744,0.0,-8.5292937246,-6.39032470191,3.12901140141,-0.115042244245,0.0574876697068,0.0,457.9935548356974,457.5961756418212,457.4711160261054,457.58800881273123
4.559999999999991,-12.0625643618,-7.08470517411,25.9145736146,5.86556895173,0.375275300778,0.0,-8.72057561985,-6.55903957904,2.85182858749,-0.147812574428,0.0242024048091,0.0,407.2807652771314,404.29321590629706,406.55255904735355,403.58821844971527
4.6199999999999894,-12.5934893124,-7.48532684674,26.0815384209,5.85695823183,0.376691133724,0.0,-8.9772476488,-6.79558631117,2.71224817478,-0.136069342572,0.022358649324,0.0,460.10174768654537,459.95574070140935,457.6001326207186,458.5156505070942
4.679999999999988,-13.1386555899,-7.89896951058,26.2370217382,5.8486544628,0.378627523979,0.0,-9.19559429156,-6.99324911131,2.46982758278,-0.143504808206,0.0470278256795,0.0,423.5176313518982,425.63534027334407,423.3973255574461,422.73801351119
4.739999999999987,-13.6958187752,-8.32331304548,26.374996976,5.83991360519,0.381411050458,0.0,-9.37742509022,-7.15247174335,2.12922641426,-0.150426955096,0.0450897969673,0.0,385.87088465276736,385.689438758976,385.30551382500926,384.62673681244496
4.799999999999986,-14.2679466797,-8.76154785057,26.5012013697,5.83077120849,0.384332704756,0.0,-9.69362324299,-7.4556730326,2.07503715478,-0.156575836626,0.0550707590508,0.0,495.67272206436326,496.4070663118274,494.91093795021936,494.4386837094793
4.859999999999984,-14.8574606476,-9.21629189429,26.6200554589,5.82231695806,0.387726541783,0.0,-9.95733656585,-7.70302628675,1.88514405245,-0.120459521112,0.0593934412059,0.0,452.8449327777392,453.194748262326,451.7730024335162,454.6576735300289
4.919999999999983,-15.462389673,-9.68542846189,26.7260706807,5.8146308788,0.39119354545,0.0,-10.2076177973,-7.93548653709,1.64741302206,-0.151277377979,0.0543530015789,0.0,438.93864826907617,438.52234106639133,440.4751666029333,437.90215899019216
4.979999999999982,-16.0824540161,-10.1686312554,26.8175251168,5.80574771605,0.394881787299,0.0,-10.4618292763,-8.17195251646,1.39963034703,-0.142284665594,0.0728495553873,0.0,438.0974229231865,439.63593452126565,438.0303246279648,438.7568616151871
5.0399999999999805,-16.7177778913,-10.6660190664,26.893548393,5.79731306322,0.398952972317,0.0,-10.7163318454,-8.40831999967,1.13302634538,-0.137368524811,0.0552992892349,0.0,435.8592928514437,434.3929679997924,435.0152732387816,435.40805978397213
